19 19 17 5 11 12 1 13 19 11 15 17 19 10 13 7 16 1 21 25 12 8 0 18 2 12 21 19 0 9 22 14 5 9 11 20 13 23 16 0 25 21 1 21 18 8 11 1 7 20 21 9 7 18 4 10 7 8 19 6 22 3 7 17 21 13 24 0 7 20 17 0 14 18 25 9 15 3 5 0 11 19 3 2 0 1 5 16 1 20 19 1 23 20 6 8 9 6 3 10
3 3 21 22 7 11 9 4 11 9 24 3 16 12 1 1 14 16 24 2 4 17 14 18 0 18 18 8 15 22 19 14 19 7 1 14 21 8 13 6 18 12 13 7 2 10 24 14 6 23 6 17 1 25 22 16 7 10 4 21 22 20 7 18 18 9 15 7 13 7 22 9 0 23 9 3 21 6 2 3 11 1 1 19 2 23 3 9 22 13 4 20 2 23 14 23 8 24 18 20
24 4 12 9 7 6 4 8 18 23 4 19 0 5 13 21 3 19 24 3 0 16 25 25 11 24 16 10 25 17 23 21 17 10 0 17 10 12 2 14 14 3 24 24 3 15 10 12 5 15 19 11 1 7 9 6 20 0 4 13 11 4 16 14 7 15 8 0 22 4 23 0 4 9 20 18 2 10 16 18 21 10 17 20 18 18 3 2 1 19 5 12 4 9 20 12 1 18 13 1
21 23 11 25 14 19 9 9 4 14 0 7 12 19 15 9 25 22 24 22 6 11 0 5 11 18 19 7 16 7 20 10 4 5 23 7 0 5 11 8 18 23 13 0 19 7 4 20 13 9 0 4 10 12 20 15 2 11 11 3 9 0 17 11 7 11 21 22 15 2 20 10 4 17 5 20 17 13 11 10 3 10 4 19 14 22 6 16 19 7 8 21 20 13 10 22 14 2 15 10
23 5 9 11 21 12 10 0 13 18 3 18 6 22 22 8 21 25 19 4 14 2 3 0 25 25 25 7 25 18 6 3 18 23 3 17 22 17 0 0 20 20 5 11 18 17 17 9 4 24 17 3 19 16 13 4 19 3 3 25 6 1 6 13 20 12 2 9 16 15 15 24 12 15 21 22 13 21 22 2 6 22 19 14 10 17 23 22 2 16 10 11 21 14 13 12 19 0 19 4
10 17 1 9 14 11 4 1 22 6 19 2 11 15 6 21 25 21 24 16 4 21 24 16 20 3 24 2 9 22 17 1 1 20 20 16 7 3 25 3 7 5 3 8 19 19 2 16 11 21 6 6 0 20 23 11 10 15 23 19 15 12 8 10 23 19 25 23 5 4 23 17 3 14 18 23 24 11 16 8 9 10 20 2 2 7 12 4 22 23 19 6 9 21 18 10 25 6 21 8
13 20 25 12 5 13 18 25 8 20 1 14 18 6 7 22 23 13 23 11 20 6 6 8 0 13 6 19 15 4 4 23 4 16 13 12 0 2 17 1 5 1 7 1 13 7 14 16 13 10 17 10 6 13 3 21 8 6 3 4 13 23 22 22 14 4 10 3 4 10 1 21 25 10 22 19 18 15 19 3 0 13 13 14 14 12 7 23 19 21 5 11 15 2 21 13 17 2 20 16
25 24 9 22 18 23 13 12 23 2 19 19 7 1 18 17 20 23 7 3 19 22 16 7 6 24 22 5 17 8 5 3 10 12 13 14 10 22 18 25 5 18 7 14 22 7 5 16 15 10 11 15 1 9 10 25 24 16 5 12 15 4 9 20 2 1 17 6 13 22 1 2 10 6 24 22 5 13 9 22 2 14 15 16 19 13 15 19 22 3 8 5 0 1 7 22 2 10 20 16
21 9 11 12 6 16 14 10 1 2 6 23 12 12 20 7 19 6 25 2 4 9 3 1 7 0 25 16 13 25 0 10 11 19 14 17 19 5 4 9 18 25 0 22 9 22 21 17 6 7 19 8 3 2 13 9 1 12 6 1 7 24 0 9 17 23 10 16 20 22 3 11 19 10 2 0 4 20 10 21 2 13 7 4 0 9 15 23 8 11 21 2 22 12 0 17 18 16 24 12
11 6 21 17 23 4 9 0 9 7 19 7 10 12 22 2 1 11 12 3 2 23 20 23 19 8 0 18 21 22 11 5 12 17 15 17 22 20 11 8 19 11 6 17 18 8 2 8 21 1 6 5 24 18 7 22 11 3 8 17 25 19 19 2 23 5 11 1 11 25 2 13 24 12 21 4 16 14 23 12 17 9 21 2 10 24 12 4 20 16 9 7 19 9 25 22 20 24 7 2
24 1 25 0 5 7 21 8 2 6 5 13 17 9 4 12 15 17 21 6 3 1 15 1 11 23 22 8 13 1 8 22 9 13 7 16 21 0 19 3 1 6 19 4 16 16 6 2 11 25 19 22 10 12 7 19 7 21 2 12 17 4 2 12 24 18 18 6 1 15 8 7 18 24 6 23 4 21 22 16 20 15 10 25 8 12 4 13 13 16 21 8 0 1 18 16 16 17 24 10
5 7 1 24 12 23 20 18 13 0 1 16 12 5 21 23 17 24 3 16 12 17 3 10 19 10 12 4 2 19 8 23 12 2 9 2 8 2 6 9 24 19 13 22 24 20 0 16 5 13 11 23 1 22 25 3 10 0 12 4 14 23 2 11 3 24 0 12 17 19 19 10 21 21 22 20 17 19 6 1 4 15 5 6 5 2 0 20 13 20 6 4 19 3 23 25 25 13 21 11
19 5 18 7 0 8 19 23 4 22 13 22 12 18 4 3 25 15 22 17 3 21 18 21 24 22 11 21 12 7 4 12 15 0 22 12 24 11 11 8 8 9 7 23 0 19 25 2 25 15 2 5 21 21 25 14 20 0 23 17 21 12 25 6 3 17 22 15 24 18 8 3 17 21 20 1 13 21 2 13 14 23 3 20 10 23 6 19 23 5 19 2 25 9 9 7 21 12 9 19
7 17 5 14 22 16 24 25 11 25 5 15 9 4 22 16 20 2 19 23 6 12 2 17 19 13 11 16 17 23 13 13 2 16 6 7 10 18 17 11 25 17 14 4 13 24 11 18 13 25 9 11 8 18 18 2 10 13 13 8 1 24 24 13 22 7 19 14 22 20 17 15 6 4 11 16 18 6 2 13 12 12 21 17 10 20 10 15 1 3 15 5 10 6 9 24 2 5 5 0
25 20 12 13 10 3 7 23 0 23 19 7 11 6 19 10 21 19 1 25 22 1 8 19 15 23 3 20 9 24 21 19 22 1 3 14 18 21 14 1 21 16 25 10 8 19 22 0 1 9 1 0 0 21 21 9 13 20 15 4 11 1 18 14 25 0 5 10 24 7 7 16 21 6 12 21 21 17 15 1 6 21 8 24 17 3 7 12 3 23 20 21 14 3 7 2 9 2 2 2
23 10 7 21 23 23 22 19 8 11 24 9 11 3 0 22 9 7 18 25 24 14 5 13 18 1 0 21 23 19 6 16 12 9 15 4 23 25 21 17 6 13 7 23 0 23 9 23 8 15 7 13 7 4 14 10 18 5 25 7 20 7 0 1 3 7 22 5 12 18 1 9 21 2 19 5 18 25 1 15 11 14 2 8 21 7 14 16 5 15 2 0 8 10 2 25 18 25 9 10
14 25 7 22 14 24 6 25 12 2 5 7 5 4 5 6 21 3 11 1 11 8 22 24 13 15 21 7 0 7 15 6 9 15 5 12 15 6 15 23 25 15 5 13 5 13 21 5 11 2 9 3 0 11 21 25 12 22 4 13 1 10 6 22 16 17 5 14 18 10 23 23 18 23 25 17 15 12 13 20 17 20 0 13 9 24 15 14 17 17 19 13 9 19 6 0 5 0 8 3
3 2 9 24 25 5 24 23 25 20 5 22 16 18 21 20 1 21 2 14 20 22 8 21 22 5 10 24 2 14 23 20 15 15 20 18 24 16 8 3 24 17 2 6 11 11 4 24 15 1 7 5 24 18 11 14 14 18 1 21 4 14 22 24 17 16 23 7 1 5 2 11 11 18 2 17 25 12 25 13 23 20 19 24 10 23 18 5 1 10 18 25 23 7 0 20 0 10 18 4
24 6 17 3 9 16 15 4 15 5 20 25 0 18 4 1 17 16 3 20 19 21 22 3 10 8 7 8 8 20 6 17 2 20 17 8 2 5 13 11 14 14 7 10 24 25 6 13 19 3 18 1 21 21 22 0 9 25 2 4 2 9 11 25 5 11 2 5 9 20 15 14 19 14 19 23 5 22 8 18 14 25 14 25 14 4 18 9 0 23 3 6 23 23 0 22 25 15 5 9
17 10 8 6 3 7 11 4 19 3 24 0 18 10 15 15 23 22 13 18 6 11 12 0 23 20 5 10 22 6 20 17 8 0 8 16 10 0 2 17 20 10 17 18 13 15 9 2 5 4 7 1 15 21 4 0 5 21 11 15 11 5 6 21 20 21 11 11 17 21 10 2 20 14 23 5 6 9 10 24 13 6 23 6 2 9 19 17 5 21 23 2 0 22 15 24 16 8 15 16
11 20 22 3 17 21 24 23 17 11 1 10 20 20 17 23 23 19 22 9 1 11 4 25 19 3 15 18 15 10 3 13 21 16 21 6 13 12 25 24 12 4 21 2 21 8 16 25 7 7 1 22 13 0 25 19 4 16 8 3 24 8 2 3 18 23 18 21 25 2 20 3 19 10 2 7 10 23 4 7 8 14 7 19 15 17 15 18 17 7 9 21 22 17 16 13 20 24 3 11
0 20 1 18 8 9 19 19 20 9 12 8 10 6 17 10 4 12 11 5 18 7 21 10 8 23 10 13 12 13 11 21 10 14 19 17 8 3 2 22 15 19 24 14 6 3 21 14 15 1 24 8 6 4 10 9 2 1 12 1 19 14 13 4 25 15 12 19 12 24 23 23 16 20 9 22 12 7 2 1 20 9 21 22 17 16 13 12 18 14 16 8 15 10 4 12 14 6 7 3
24 18 8 13 6 1 4 21 3 17 8 9 12 1 23 17 13 17 25 14 6 17 5 21 25 4 9 10 20 12 19 25 20 1 11 20 15 5 0 17 17 19 8 17 24 22 1 2 24 21 25 9 24 5 5 5 0 9 9 9 24 15 25 5 11 21 20 24 17 24 9 5 4 4 12 18 12 14 17 22 25 12 16 22 24 20 9 19 19 13 3 19 4 16 18 16 12 16 2 16
14 8 4 13 24 5 19 22 7 20 0 0 1 14 4 21 14 6 13 15 15 1 6 24 21 5 1 14 6 23 19 13 3 18 2 11 25 6 10 7 2 5 4 15 4 18 9 13 19 5 18 15 11 19 19 9 5 22 19 1 3 25 23 5 14 8 4 7 14 17 0 19 14 18 16 25 11 9 4 0 23 24 0 19 11 3 3 23 17 22 24 20 13 8 10 1 6 10 2 19
25 1 15 23 0 7 21 25 23 13 6 16 1 4 13 24 14 15 3 8 4 7 22 7 23 22 5 6 18 20 7 20 11 13 18 14 3 17 2 18 24 12 12 4 12 14 12 9 8 0 3 7 0 12 10 1 18 22 14 12 16 0 6 12 23 7 9 11 3 3 10 2 22 10 23 0 10 1 12 10 9 19 1 20 18 22 3 0 13 4 16 17 20 10 18 23 6 12 7 10
9 20 8 20 6 8 14 23 18 18 16 9 17 25 25 10 23 15 24 6 11 13 18 6 9 0 4 17 9 22 24 9 0 5 2 11 24 13 20 17 2 7 13 15 9 15 20 21 11 9 2 21 16 7 7 25 4 2 11 0 5 7 0 20 14 4 12 16 7 8 8 23 2 4 8 7 11 11 13 7 9 6 24 12 20 6 14 9 20 17 1 5 15 20 22 12 22 16 7 10
23 7 8 13 2 8 8 19 18 7 21 8 6 0 22 22 10 5 20 6 0 10 16 14 13 15 21 1 21 2 19 9 24 20 2 0 0 23 13 12 10 10 10 14 12 16 21 13 9 10 13 22 22 9 6 24 25 20 18 7 1 7 2 2 4 10 7 20 12 17 21 18 3 3 10 10 9 8 22 9 25 15 3 2 17 6 19 25 15 4 25 5 16 25 19 12 23 7 8 8
12 20 7 24 11 3 1 24 18 23 10 25 5 4 18 17 6 10 0 21 22 9 5 12 13 0 14 23 16 21 16 6 8 16 19 1 7 4 7 7 23 3 3 22 4 20 13 19 23 8 14 19 24 25 24 3 14 22 0 11 15 2 12 24 17 13 24 17 23 24 2 6 2 14 12 22 7 13 21 19 7 10 23 22 16 8 10 5 13 25 15 25 12 0 9 25 23 25 15 4
17 11 5 25 1 14 7 15 3 22 22 15 21 19 12 23 14 19 24 10 3 6 14 9 19 16 4 24 3 1 9 25 16 14 2 2 21 13 4 15 9 13 17 9 4 1 2 22 24 7 22 2 6 22 24 23 23 22 20 4 22 19 9 18 23 25 3 4 12 9 4 16 5 8 18 25 14 4 12 3 18 22 6 25 8 22 22 22 5 25 8 12 1 24 7 10 24 24 0 14
17 14 20 9 9 19 21 12 12 0 10 5 12 0 0 13 19 11 4 25 17 20 22 20 0 2 1 23 19 19 17 20 18 2 2 13 21 16 10 10 22 5 11 1 0 1 13 15 20 15 6 12 17 16 14 4 5 0 22 18 0 12 11 11 14 23 22 3 24 4 17 4 17 3 6 21 13 19 25 13 16 18 10 21 2 1 25 4 22 20 24 22 8 0 22 3 22 23 15 15
1 15 19 22 17 16 25 1 21 0 20 0 7 3 2 18 11 17 6 19 15 21 16 9 19 18 22 12 21 23 25 15 4 20 8 11 19 13 0 12 9 23 17 0 10 10 7 22 23 17 17 24 8 24 12 3 11 2 3 5 19 8 8 6 14 9 23 23 18 16 13 2 22 23 10 9 5 23 9 13 7 8 10 20 21 4 2 21 2 22 21 1 16 4 6 8 7 6 15 5
2 0 20 7 18 16 12 12 18 23 1 19 0 11 5 5 12 9 19 10 9 3 2 1 24 5 17 7 21 25 21 11 10 4 23 4 22 12 20 7 5 3 13 19 13 10 20 2 7 8 24 2 25 24 0 11 4 10 11 25 12 23 22 7 6 12 23 17 9 15 10 22 3 4 12 1 24 17 24 25 1 9 1 15 16 21 12 6 7 16 2 7 22 16 1 11 9 1 7 1
19 14 12 25 20 0 0 17 17 0 11 24 18 22 6 3 21 24 17 19 4 16 5 4 18 1 21 6 22 18 16 14 10 11 4 18 13 12 4 4 7 0 15 18 21 22 1 2 21 4 8 22 22 25 4 18 1 22 6 20 20 19 19 3 17 8 5 25 18 14 2 20 19 23 12 18 4 4 3 16 12 25 1 16 4 0 10 13 7 2 20 14 14 15 17 11 0 11 18 7
22 5 24 5 25 1 18 18 23 6 25 19 21 19 11 15 2 15 16 16 2 13 2 14 9 7 22 4 20 8 0 3 14 9 9 1 6 5 23 1 4 2 21 8 0 22 19 0 4 21 8 20 18 12 10 25 0 13 4 20 17 8 20 8 0 16 16 15 14 12 0 25 9 14 5 20 14 0 20 20 4 4 13 24 6 9 13 9 22 1 17 19 10 17 12 15 6 0 19 19
25 0 11 5 0 1 7 11 15 18 8 13 6 15 20 25 21 19 12 16 6 19 4 24 6 1 15 12 6 11 12 13 7 0 5 18 12 2 22 25 2 7 23 6 20 24 2 0 3 3 15 17 20 16 20 3 22 1 18 4 14 3 6 22 10 22 23 8 5 3 7 1 13 20 3 24 7 21 22 19 25 2 0 2 10 1 18 0 25 25 14 3 20 14 18 20 19 12 22 24
3 7 13 7 8 6 21 2 7 13 15 20 7 21 6 14 12 0 24 23 14 14 4 15 12 18 2 3 0 8 11 2 12 24 23 22 14 9 13 15 25 0 11 13 19 25 8 14 21 17 20 3 4 10 1 0 10 22 22 24 17 8 25 2 15 16 21 1 2 1 22 3 21 6 13 16 15 7 21 5 22 7 7 18 14 7 22 6 9 23 0 2 2 18 3 6 2 20 21 13
8 8 13 15 6 1 6 16 22 6 17 19 18 16 4 7 11 21 2 10 24 25 14 20 12 14 7 3 7 14 17 0 7 3 19 20 4 23 15 4 12 6 9 1 11 3 7 10 15 13 15 14 9 20 7 16 1 1 23 6 10 10 12 6 3 0 13 12 18 23 14 13 6 17 20 1 10 24 6 15 20 2 4 0 12 20 2 12 14 23 10 9 9 20 17 14 22 24 6 24
12 20 13 18 21 0 4 11 11 17 15 13 10 25 5 15 14 12 1 10 11 18 12 14 3 3 19 6 19 13 16 22 6 14 25 17 16 16 20 5 6 21 12 7 8 11 4 20 24 25 4 20 22 22 21 7 9 23 13 15 12 21 18 1 23 11 13 0 24 9 24 22 9 16 12 3 20 9 1 11 11 16 0 12 4 8 21 4 7 13 17 21 17 24 1 20 15 4 8 1
1 21 16 14 25 24 4 0 25 0 17 8 7 18 2 20 21 4 4 0 8 7 11 17 24 5 13 12 3 25 9 4 10 8 24 20 22 20 1 19 17 11 7 5 5 7 7 10 4 10 7 2 23 1 21 15 21 21 25 21 5 21 6 13 16 20 16 12 7 21 16 25 8 7 6 12 14 24 18 21 5 6 14 6 14 6 13 3 9 21 18 6 3 20 21 13 25 6 1 5
16 2 5 9 10 21 19 20 7 25 25 4 15 6 17 4 12 3 5 11 14 18 13 14 9 24 24 23 4 15 2 8 7 8 21 9 8 15 4 18 17 21 10 14 18 7 3 13 0 22 3 10 24 16 25 4 4 10 15 21 13 5 18 5 16 16 0 0 20 13 19 15 1 2 20 16 12 5 10 9 0 19 16 6 7 12 5 2 11 11 2 15 15 3 15 6 0 5 21 14
5 4 3 13 6 6 22 14 15 22 10 18 10 14 0 25 19 6 4 16 13 12 4 9 4 11 22 4 17 12 12 18 0 4 9 10 9 25 5 13 24 24 2 12 15 24 13 22 13 17 15 25 25 6 2 17 25 7 25 14 17 3 25 18 10 22 0 1 21 14 17 7 9 20 14 1 0 6 13 25 3 2 12 6 20 12 18 15 5 2 14 24 12 18 8 20 1 24 17 21
9 23 24 8 20 2 21 15 17 3 5 13 25 6 4 7 2 23 12 2 0 24 20 6 21 4 8 16 5 5 19 17 19 21 4 19 13 1 6 19 7 21 13 25 1 12 0 23 20 19 22 15 10 23 19 19 7 2 3 20 15 1 8 8 20 10 1 3 2 1 2 18 14 15 10 11 12 13 22 3 24 12 18 13 8 15 9 18 12 18 17 17 10 15 1 15 6 1 6 7
17 20 24 11 15 23 5 25 2 4 15 12 8 16 3 22 12 5 7 3 12 25 20 25 15 1 21 15 19 22 9 7 11 15 4 7 14 14 6 21 18 25 8 13 22 17 17 17 5 23 12 6 16 5 5 1 23 21 2 5 24 1 21 22 20 5 4 14 18 10 0 2 18 16 5 6 8 0 7 14 2 23 14 10 13 18 18 13 0 13 2 11 7 18 4 19 4 23 10 21
22 6 6 2 15 14 2 8 11 13 11 15 23 15 12 16 11 2 6 0 3 10 1 5 3 20 24 17 19 22 11 15 21 25 12 15 5 13 13 25 5 9 14 13 21 0 13 23 2 13 7 24 19 17 23 7 22 2 23 2 3 15 25 21 25 12 4 9 18 24 22 12 22 6 4 0 8 25 13 11 3 24 0 0 8 22 16 3 8 25 1 0 5 5 11 24 14 15 12 19
9 5 4 13 4 19 10 7 12 25 15 12 14 17 1 22 11 17 1 2 0 9 1 22 13 0 9 22 23 20 4 0 5 5 20 10 0 0 14 16 3 1 10 8 13 19 17 12 11 7 16 13 4 9 8 2 1 10 8 20 16 9 0 10 5 12 10 9 24 0 0 4 15 9 14 20 9 4 6 8 2 10 7 10 11 8 17 19 18 5 3 24 18 0 14 4 21 11 16 17
7 24 8 24 17 9 23 0 4 16 21 7 7 3 21 24 9 25 1 19 21 16 21 25 12 6 8 21 21 14 8 21 6 23 12 16 9 8 22 11 6 6 1 6 21 9 14 14 24 13 19 14 1 20 22 9 19 17 6 19 7 25 21 2 23 20 8 19 14 2 14 7 5 1 13 9 6 11 25 24 15 13 14 17 4 21 5 24 19 20 3 20 20 9 13 3 5 18 8 8
19 21 9 2 2 9 16 12 9 15 25 1 7 5 15 20 25 11 17 16 4 15 10 15 24 0 1 13 17 1 17 20 24 1 11 17 0 0 24 23 21 17 11 19 11 6 10 7 15 14 5 9 4 18 24 5 14 5 16 13 17 22 23 5 4 20 9 20 15 7 14 16 15 0 19 18 5 11 1 10 23 18 1 16 13 16 23 19 25 18 16 0 15 7 18 20 19 14 6 16
8 20 20 24 22 3 18 20 13 19 22 0 16 19 18 15 18 7 4 11 4 10 22 18 17 7 19 21 23 6 16 20 1 22 22 20 2 22 24 7 1 6 8 22 18 18 3 4 23 25 19 22 22 18 0 16 20 7 25 14 2 9 14 16 21 22 19 18 18 6 8 9 4 20 4 10 12 15 18 18 5 17 4 13 17 8 3 6 1 23 23 10 0 2 12 18 20 10 0 12
21 12 25 22 13 21 3 16 5 4 0 5 16 3 14 16 10 6 22 11 8 2 19 6 2 1 13 10 17 25 15 7 9 11 6 15 6 12 22 1 16 15 10 1 15 23 8 25 4 21 16 25 20 3 17 7 1 17 6 7 24 12 21 2 2 13 10 7 22 1 23 19 2 5 5 3 20 12 12 3 18 0 5 3 3 9 15 15 16 21 10 22 2 25 8 4 5 25 18 3
18 9 24 12 18 0 3 1 10 14 8 8 4 19 14 0 5 2 25 5 25 19 23 21 18 24 8 9 5 3 17 1 20 10 5 15 3 9 16 19 0 22 18 14 3 2 4 10 14 14 17 23 8 10 8 6 3 16 20 23 6 18 19 10 5 25 17 12 6 15 6 22 3 10 14 9 15 11 18 18 6 1 25 22 25 19 1 19 4 18 17 6 11 3 9 7 20 6 19 4
22 0 20 5 6 11 5 4 24 23 15 14 8 12 10 12 2 8 8 10 4 4 7 10 9 24 2 0 11 15 15 10 1 5 23 10 6 1 25 24 5 25 8 4 2 16 25 5 10 5 18 25 24 9 25 22 19 17 9 3 5 13 3 12 16 8 12 2 6 2 18 23 17 10 6 5 18 19 22 6 9 22 1 25 0 1 21 7 22 9 13 1 7 14 2 12 21 5 9 5
19 4 20 6 3 12 17 19 18 5 11 17 0 14 13 4 7 18 15 22 24 10 7 20 15 14 21 5 23 2 13 17 14 14 15 15 8 22 25 19 25 19 16 1 11 23 21 20 8 14 6 23 15 13 24 2 17 6 17 22 20 4 20 10 0 19 8 21 24 2 14 7 8 7 24 10 7 2 25 19 1 23 2 18 14 18 5 20 14 18 20 2 0 13 0 2 6 25 9 18
25 13 1 23 25 25 18 14 2 16 15 15 19 9 21 9 21 17 6 15 17 9 2 0 21 20 20 20 15 15 14 9 22 24 25 16 24 1 3 19 25 6 11 25 24 1 14 5 23 7 3 0 11 19 15 1 21 20 1 7 3 10 25 20 25 25 17 4 12 20 8 5 24 21 1 15 9 6 14 7 21 2 25 12 5 17 5 8 1 6 8 6 15 19 25 5 17 8 0 5
23 9 14 4 25 22 4 19 7 0 4 6 16 5 18 0 22 21 25 9 10 0 6 19 21 19 9 1 13 9 24 14 9 20 18 17 15 13 16 9 19 5 1 14 14 9 18 21 18 19 7 25 22 20 21 17 23 23 16 1 2 1 1 8 21 24 5 24 12 20 25 15 22 21 20 5 0 23 12 3 10 4 3 12 14 18 11 15 12 3 21 9 15 23 18 8 7 6 25 0
14 4 24 8 12 16 17 4 3 8 19 19 20 5 2 22 3 15 24 16 2 13 18 11 2 24 3 4 25 14 21 2 20 12 4 15 24 2 25 7 1 23 1 11 10 6 5 17 0 22 25 23 21 10 17 7 8 6 23 25 21 2 1 11 18 21 15 18 19 19 20 6 14 7 9 9 17 7 1 19 13 4 15 3 7 8 5 18 17 24 19 8 17 18 7 15 0 8 11 25
6 7 8 21 3 24 9 15 21 22 0 19 1 16 15 8 18 24 24 19 21 21 21 12 25 12 3 9 16 6 24 2 9 4 24 14 19 6 5 17 20 3 15 21 24 18 16 22 4 24 19 2 13 0 21 24 1 22 25 15 25 23 16 21 21 10 11 10 6 1 19 2 24 8 23 11 5 3 14 3 2 9 1 24 18 2 9 20 10 6 16 20 25 13 18 0 20 18 21 23
22 18 1 21 20 17 24 16 21 0 4 18 20 20 1 15 11 20 20 16 18 22 12 24 12 16 19 15 8 25 21 18 16 12 13 21 8 25 22 14 15 16 13 20 11 5 23 19 3 23 9 11 11 10 20 7 13 22 13 3 2 9 12 18 2 14 3 1 13 25 19 19 22 17 3 13 22 20 7 13 3 6 20 18 7 19 10 21 15 8 22 23 9 19 25 24 20 20 1 18
14 20 11 3 21 8 24 2 2 7 10 8 12 5 17 18 16 12 1 4 0 20 16 11 8 25 5 6 25 20 2 3 25 20 14 4 12 13 17 19 24 24 19 8 21 2 24 8 11 8 0 6 2 17 18 10 4 20 10 11 8 15 14 0 23 1 17 17 12 3 24 11 16 0 0 14 5 25 18 14 0 0 19 19 15 19 5 17 3 3 8 22 6 12 20 3 22 9 8 2
24 3 10 18 16 18 8 14 25 13 21 16 11 24 24 0 9 18 11 15 11 22 15 17 0 5 12 9 16 21 6 22 0 15 11 6 22 6 24 17 22 12 25 19 23 18 7 4 15 11 23 25 15 20 6 18 10 25 14 8 9 18 6 19 16 10 18 21 23 7 25 9 20 4 16 12 21 10 7 12 23 4 4 15 6 12 13 16 1 23 11 16 18 4 1 21 15 8 25 9
5 16 15 21 0 3 16 17 14 24 0 4 0 7 1 11 2 15 24 22 0 22 18 15 23 14 1 10 18 5 8 1 3 5 8 6 15 1 22 5 4 18 0 1 8 16 11 22 16 11 5 13 2 17 20 17 24 19 8 18 24 20 10 1 24 1 2 6 1 11 18 14 9 9 10 3 12 19 19 5 3 1 12 11 10 6 1 25 25 5 23 19 13 10 24 24 2 12 15 5
18 20 25 16 17 3 20 11 14 23 5 19 14 17 17 21 14 18 1 2 20 17 8 17 17 25 10 21 8 8 19 21 8 18 9 8 11 1 25 0 1 15 15 14 11 14 2 16 15 1 20 7 14 11 9 11 5 20 22 25 17 19 15 19 14 0 25 15 20 12 9 7 13 24 4 24 15 9 19 4 6 24 8 12 8 7 25 9 17 13 11 19 20 24 23 22 6 22 25 23
16 0 5 24 7 1 16 11 24 24 2 0 3 0 16 0 15 23 23 11 24 11 0 14 8 22 10 6 21 3 10 23 10 18 11 18 13 20 15 22 19 25 7 15 4 18 6 25 5 15 1 16 14 16 8 0 7 9 5 2 25 4 6 24 1 11 19 22 21 13 13 10 17 21 19 22 16 18 14 13 2 1 20 7 16 21 10 22 12 20 8 21 11 6 0 15 12 22 12 17
6 7 10 6 21 11 1 8 10 24 20 0 20 11 15 3 17 9 2 24 22 11 23 7 2 9 0 16 10 21 21 14 22 20 19 12 0 15 4 7 20 12 11 16 8 25 23 11 19 25 13 7 2 22 19 7 17 15 7 9 21 23 16 6 24 16 6 15 8 7 3 11 14 12 13 13 23 13 21 8 6 18 18 0 25 24 14 13 25 15 5 3 7 11 7 5 6 20 14 20
2 22 15 25 11 10 24 2 7 11 7 0 23 2 25 14 1 17 20 0 5 20 4 2 8 9 21 20 21 23 10 22 22 7 19 20 24 11 16 12 12 19 11 5 11 14 0 11 13 4 20 16 16 15 15 5 8 0 23 8 9 6 9 4 15 10 23 0 0 18 17 16 7 9 22 5 0 23 18 14 25 17 22 24 19 13 17 6 12 9 25 5 24 10 15 4 3 4 21 18
9 4 8 18 19 4 14 0 11 12 15 1 8 14 15 17 19 22 6 24 20 9 22 11 17 24 23 3 22 24 0 11 3 7 22 5 21 2 5 7 4 19 14 10 6 23 20 3 10 4 4 17 16 17 16 22 21 18 23 17 21 9 5 9 2 10 23 3 11 16 16 1 12 16 8 24 10 9 19 7 25 22 25 7 21 2 14 18 2 19 21 18 12 0 25 3 20 20 3 1
22 20 21 6 5 25 20 6 24 6 14 5 21 9 3 17 10 23 22 25 2 15 16 8 2 16 1 9 22 5 1 14 4 19 5 6 16 4 12 20 16 8 23 17 20 12 23 8 21 10 13 10 17 17 2 19 25 24 2 3 8 12 25 2 22 15 10 4 2 5 22 15 7 20 23 4 17 19 24 18 11 20 19 15 18 11 6 21 4 7 22 2 0 19 10 4 25 6 5 13
23 19 19 14 15 8 5 15 24 21 3 4 13 4 1 2 24 25 13 24 13 20 18 4 25 23 19 24 11 22 1 0 16 17 11 5 13 6 19 13 9 1 15 5 9 9 4 18 9 25 23 24 22 9 3 23 23 8 9 1 1 0 9 8 17 3 3 22 10 8 22 0 8 15 10 23 22 21 1 22 6 1 25 19 16 2 0 20 9 11 9 19 2 2 6 19 3 21 1 4
24 9 1 16 1 6 10 16 16 2 8 10 17 8 24 16 24 21 9 25 20 10 8 6 16 13 13 5 12 18 15 20 9 18 24 6 9 16 14 11 0 22 15 22 21 5 12 19 0 4 20 16 8 8 4 21 10 17 17 23 20 19 16 16 21 9 11 9 20 16 8 19 15 14 17 12 14 5 9 10 19 19 17 9 2 23 21 13 12 17 8 15 19 10 10 12 3 13 8 15
15 16 13 7 19 11 11 7 1 12 13 17 11 0 22 20 24 3 6 0 20 14 24 0 7 2 24 11 14 2 11 16 12 20 0 10 11 5 12 9 20 7 14 11 10 24 4 18 13 4 4 11 23 6 9 12 22 16 8 24 5 22 7 1 21 5 19 12 13 2 9 22 6 19 10 17 3 22 10 11 4 19 15 11 15 1 21 24 24 4 20 7 14 8 0 0 6 25 0 22
23 16 19 7 9 19 4 2 20 6 6 12 3 18 15 8 9 16 12 22 22 24 12 7 15 14 4 17 5 5 2 3 7 7 25 16 2 2 3 16 9 7 20 7 25 3 24 2 10 20 4 3 23 23 12 8 14 2 6 20 5 9 10 7 3 14 18 23 8 13 20 21 7 23 4 19 15 24 21 22 21 7 12 25 11 9 15 2 25 9 11 16 21 20 24 8 3 24 0 14
0 14 0 16 20 0 5 11 4 23 14 16 24 18 11 7 10 12 11 1 12 22 23 10 2 24 12 14 15 16 22 4 6 2 14 23 22 6 25 10 9 0 12 2 14 15 14 2 13 5 1 6 5 5 12 7 24 20 17 22 8 5 3 8 16 19 25 15 1 3 20 14 20 11 2 7 2 5 20 2 20 20 9 16 9 6 14 2 23 20 5 4 8 4 9 4 8 4 12 11
24 0 16 15 17 16 10 3 23 19 17 1 5 13 21 3 15 9 17 11 5 25 22 10 22 2 0 0 7 0 25 6 3 8 21 21 23 4 6 21 18 10 4 21 23 19 23 6 8 2 14 0 21 4 2 20 5 9 18 16 24 6 10 25 0 24 25 13 23 15 7 24 8 25 18 3 16 22 3 15 18 24 4 15 11 25 19 8 2 16 1 24 13 5 1 19 24 4 17 0
6 13 20 14 9 8 19 11 11 14 16 18 0 19 19 23 19 23 11 13 25 25 9 13 15 0 7 22 23 14 11 25 1 0 13 22 3 19 12 17 25 21 10 8 24 10 0 21 15 3 2 21 15 4 22 15 25 24 2 0 18 2 5 15 8 24 25 14 14 13 3 25 25 14 25 8 7 18 12 17 13 0 14 2 12 0 24 7 2 20 0 7 1 17 21 25 25 23 4 5
10 5 11 16 12 23 17 8 2 21 0 17 14 10 5 0 20 18 8 11 5 5 22 19 1 19 19 21 0 5 2 25 16 10 4 22 19 23 17 11 6 21 21 22 16 0 5 9 21 6 0 12 21 16 18 2 4 17 11 10 6 2 0 8 13 5 14 19 20 12 23 22 18 10 2 18 9 10 16 21 2 24 15 8 15 6 5 15 24 12 5 0 21 5 21 17 7 8 14 20
9 21 6 11 9 18 5 5 23 22 17 1 4 12 18 19 18 19 12 23 8 23 4 8 16 15 21 12 22 11 15 18 19 7 16 20 3 19 1 3 5 24 17 9 17 21 8 0 5 7 9 25 17 2 1 11 23 24 6 1 5 8 22 4 18 20 11 8 9 5 21 7 7 15 18 19 0 9 18 19 4 11 13 23 22 0 18 23 16 19 14 3 25 0 3 0 4 17 11 3
20 25 6 20 9 23 14 20 15 2 23 12 8 7 5 17 0 1 6 19 4 7 16 18 10 5 11 2 13 3 1 21 15 6 9 3 25 10 22 24 14 10 21 6 23 0 21 11 18 9 8 1 7 3 13 21 23 19 7 23 9 0 7 14 0 24 13 2 1 21 18 19 10 5 20 9 24 24 18 20 0 14 14 4 24 5 1 5 20 5 3 23 4 18 13 14 3 12 18 4
1 24 5 22 10 15 21 20 22 7 4 15 19 5 5 20 21 14 5 19 21 17 16 23 10 0 12 4 19 16 24 24 16 24 8 21 18 24 3 9 12 1 19 11 0 0 19 17 9 19 20 1 7 23 23 5 11 8 12 22 2 23 15 16 11 3 17 5 22 14 14 5 4 1 12 9 13 22 22 23 20 16 24 19 19 25 19 16 4 24 24 11 4 13 11 3 9 12 2 1
0 23 19 0 11 24 3 13 14 14 8 9 12 8 10 9 0 13 5 13 19 6 1 18 16 8 13 21 4 24 13 18 8 5 4 19 6 16 22 10 5 2 16 19 17 25 20 5 5 3 1 19 20 11 12 14 3 21 21 9 14 0 16 6 18 12 14 23 15 20 4 10 12 20 11 13 21 11 20 21 3 0 14 11 24 4 7 25 6 23 7 19 3 19 12 8 24 14 11 11
10 25 5 20 16 7 23 6 9 22 0 16 0 0 23 3 23 11 6 5 9 16 7 17 6 21 15 16 11 4 20 7 3 1 8 6 13 24 21 8 10 1 18 13 6 9 6 8 20 4 8 24 24 17 13 17 18 8 22 8 0 4 17 15 10 10 25 6 11 5 14 4 1 4 1 15 14 9 17 18 5 16 17 17 7 15 10 25 17 0 21 0 0 9 14 21 1 22 15 17
9 8 8 20 24 4 2 15 0 7 18 18 9 17 12 3 17 9 24 5 0 22 21 7 13 15 20 17 1 22 18 25 18 25 1 8 8 13 13 22 4 18 5 1 3 7 1 20 16 1 3 18 0 3 6 3 15 8 18 19 1 14 1 16 25 14 25 3 8 14 6 4 15 19 18 18 14 7 12 23 21 12 15 24 4 1 11 17 20 1 0 23 6 7 19 9 19 10 6 12
17 18 0 8 22 9 25 19 15 3 2 7 8 10 23 23 19 2 24 6 16 13 24 4 24 6 15 23 15 22 21 14 11 4 5 14 2 12 11 16 4 14 23 3 7 18 7 3 2 14 18 23 6 16 1 10 4 20 21 8 19 25 12 24 16 18 6 10 21 22 1 24 4 17 3 0 9 24 3 8 6 11 17 1 12 9 12 12 20 22 13 3 23 10 6 12 13 15 19 21
8 20 22 4 0 15 6 10 4 25 22 13 19 20 25 18 0 8 14 20 23 15 19 5 25 21 16 14 23 17 18 21 20 1 15 12 13 25 0 5 25 22 6 20 8 5 4 9 5 11 8 10 21 9 12 25 21 21 24 10 5 20 8 13 18 19 14 4 21 8 2 21 0 4 16 4 12 13 21 22 20 3 10 10 20 21 9 23 21 17 21 7 11 8 9 24 11 18 2 20
13 1 15 25 21 9 14 20 18 22 2 5 21 4 16 4 24 17 23 0 17 12 19 22 0 3 6 23 8 0 11 3 4 23 12 14 21 1 11 10 2 14 20 3 16 3 4 20 21 12 4 13 8 5 1 16 4 13 12 17 9 12 6 0 10 20 25 18 20 10 22 0 10 18 7 24 23 6 22 17 4 5 4 20 22 25 13 14 10 16 13 7 0 14 7 18 15 10 13 20
21 22 25 11 9 5 24 17 17 5 6 7 1 14 23 18 8 10 16 13 19 22 5 25 6 13 13 0 4 0 13 16 6 4 6 22 6 21 10 12 24 23 6 16 15 9 23 11 1 16 20 14 9 7 4 11 9 22 4 23 24 21 14 1 5 11 23 25 2 18 19 13 22 13 11 14 24 12 25 24 7 5 19 14 22 11 0 7 15 9 10 15 14 15 17 24 11 8 4 6
3 10 5 18 7 17 24 25 18 7 19 13 11 9 7 8 8 3 23 6 11 12 6 11 19 10 11 17 5 19 9 0 19 6 9 9 6 25 15 20 21 0 17 5 21 15 4 17 19 8 13 16 8 24 16 12 19 8 24 24 12 14 6 14 17 1 3 20 19 15 18 6 4 17 23 8 0 7 11 21 19 24 6 6 25 22 18 18 17 5 8 15 2 16 14 16 24 15 4 15
24 22 8 0 10 4 11 7 18 21 8 23 10 5 5 15 6 2 15 6 22 4 17 20 25 9 22 23 2 8 20 11 18 18 0 3 21 13 14 0 13 0 13 24 9 14 23 6 14 21 20 15 7 14 23 24 2 7 6 10 10 16 2 15 12 3 22 25 22 5 21 14 4 22 19 25 25 0 22 20 2 16 8 20 13 1 16 10 11 25 1 9 8 21 20 9 16 8 24 18
22 2 6 0 6 18 21 18 14 6 23 18 1 18 24 7 8 15 4 3 11 16 16 10 7 20 25 21 14 0 12 6 13 15 1 16 20 3 1 9 11 20 6 6 9 14 4 23 0 9 15 25 3 18 11 25 2 7 3 13 18 25 24 24 3 11 15 8 15 3 14 18 23 0 14 25 24 1 4 17 6 25 6 25 0 4 17 10 16 5 14 3 3 10 6 24 0 21 19 21
19 22 23 10 9 7 11 8 14 15 15 10 9 15 1 8 12 17 20 21 18 12 18 17 4 4 6 8 9 2 13 7 14 4 19 0 24 20 11 22 10 4 14 3 1 0 0 13 4 2 18 16 2 19 4 6 11 19 17 23 9 18 20 24 11 24 1 22 14 5 19 14 25 11 3 16 8 21 13 8 0 9 20 24 4 19 25 19 22 15 15 9 24 2 6 1 16 6 4 13
11 6 5 20 19 24 8 3 7 8 10 9 21 17 19 7 17 24 22 5 24 11 15 4 19 8 7 23 6 0 6 10 25 6 1 19 22 4 12 21 20 19 1 22 2 17 5 13 20 24 16 21 7 17 21 4 23 11 2 13 19 23 19 5 24 1 17 11 22 17 18 16 17 19 10 17 10 25 22 12 14 19 25 8 11 11 2 13 7 11 14 11 12 18 12 22 5 11 6 0
5 15 6 1 11 24 24 5 21 9 6 0 25 5 20 21 21 0 2 0 23 5 19 8 21 18 16 13 13 6 9 21 19 13 8 0 5 16 10 6 10 22 12 7 6 3 13 20 7 25 3 4 8 21 8 17 22 1 5 14 14 6 21 16 24 13 16 10 17 10 18 19 22 24 10 0 17 25 16 11 1 10 21 8 4 2 11 8 19 15 21 15 3 22 2 16 16 2 20 6
8 20 0 8 22 2 15 14 18 8 16 4 5 16 20 15 8 20 12 12 0 11 16 17 24 5 16 0 18 12 22 6 5 14 10 7 5 17 8 11 23 11 9 9 16 9 7 17 15 13 16 4 7 5 6 8 16 6 7 3 24 22 20 1 10 19 22 4 6 3 4 13 12 10 13 11 22 2 2 25 15 0 13 15 20 21 12 21 9 10 1 9 25 23 18 2 21 20 22 8
7 14 23 13 10 15 11 15 19 23 10 0 9 1 25 3 2 25 16 22 1 4 8 15 21 4 20 9 17 2 17 17 5 21 20 21 4 22 19 3 15 4 1 0 7 8 9 25 18 1 22 3 25 19 17 5 10 13 2 8 9 5 2 18 10 8 12 2 0 17 23 16 13 22 11 15 1 5 19 9 1 13 2 24 13 12 1 4 8 15 11 11 23 13 1 2 1 9 18 22
3 11 2 3 0 8 6 10 23 3 24 2 2 13 25 23 11 12 4 16 15 12 3 19 11 2 10 16 14 9 9 8 12 18 0 2 0 1 17 18 15 23 1 18 5 14 17 16 16 16 23 22 8 7 17 2 1 16 18 15 0 23 8 3 17 19 17 6 19 2 7 21 22 15 20 23 0 6 14 23 18 22 4 6 25 3 4 15 13 7 11 23 16 8 15 6 15 11 14 25
6 23 16 11 22 2 0 4 13 24 8 15 10 23 18 17 20 11 22 23 25 7 5 14 23 3 5 4 10 19 18 15 5 1 20 25 4 0 6 1 4 9 6 2 21 19 7 6 5 4 15 3 15 1 1 7 19 10 14 24 13 25 18 21 8 5 11 11 1 3 5 18 3 2 7 24 22 7 4 6 24 3 3 25 6 6 21 10 14 21 23 7 0 1 12 19 9 21 19 2
6 8 6 12 2 14 3 15 20 10 6 16 17 15 4 22 9 1 4 19 19 20 4 5 18 18 17 24 5 21 2 20 1 11 23 4 20 16 9 7 10 0 7 1 3 16 9 16 16 19 0 0 17 25 13 2 11 16 1 14 17 18 8 14 6 8 1 24 8 1 2 4 24 22 12 11 16 22 0 14 12 22 3 8 24 12 2 17 15 7 11 14 25 0 8 18 6 16 2 25
7 4 23 14 5 25 13 24 10 6 17 15 23 8 22 8 17 19 25 15 7 24 24 7 20 17 13 15 21 16 2 6 15 3 2 12 15 1 12 24 13 0 17 22 2 0 21 20 17 4 14 21 10 1 20 22 7 16 6 21 12 0 12 2 5 21 0 22 9 24 8 2 6 10 0 24 14 16 18 13 2 19 14 7 1 14 9 24 0 4 8 19 4 15 21 16 0 16 1 1
19 24 7 4 24 12 1 22 11 7 8 9 17 20 16 11 15 8 22 23 16 24 3 3 22 11 4 4 21 24 9 17 21 6 18 4 25 14 14 16 12 19 12 5 7 0 13 16 24 15 22 12 2 12 8 20 11 17 8 1 3 16 10 2 5 23 17 18 11 16 3 25 0 20 0 14 1 2 15 22 24 24 0 19 20 1 6 10 14 1 23 8 1 22 19 12 17 14 24 7
15 19 11 25 10 6 3 15 8 19 0 11 22 15 24 10 24 11 16 3 3 6 0 19 7 8 25 24 17 3 12 22 19 22 4 19 7 18 20 18 14 3 7 7 14 14 10 21 10 5 13 21 11 21 22 15 3 12 18 1 4 9 6 7 22 15 5 20 3 19 15 13 0 17 14 6 19 19 23 8 10 3 11 0 2 5 18 8 8 3 17 16 20 16 25 21 19 2 15 21
5 22 22 15 1 8 9 6 16 4 20 9 12 18 25 18 0 8 25 20 11 19 9 5 24 12 8 17 19 14 10 8 12 9 5 22 6 16 10 7 0 22 20 18 17 18 18 9 25 16 19 15 23 19 8 22 24 5 17 10 11 13 17 17 6 22 16 22 14 22 19 8 24 1 16 12 1 0 12 14 4 20 10 3 25 14 6 8 16 8 13 1 3 12 3 3 23 11 14 3
15 20 23 6 3 14 24 17 7 25 15 0 25 1 19 4 15 20 23 23 2 13 7 16 17 5 14 20 1 21 6 0 11 8 2 21 12 3 15 9 20 22 21 14 2 2 9 3 3 22 7 21 1 24 1 13 24 5 9 14 13 5 22 6 0 3 20 10 22 13 23 0 14 18 8 10 4 5 13 1 6 12 10 25 5 2 16 4 8 1 17 15 20 11 20 24 5 25 2 5
