2 14 16 5 21 15 1 1 21 25 14 7 12 14 6 25 9 9 16 20 14 7 13 14 13 0 1 9 16 8 15 15 4 11 0 23 13 14 17 23 17 21 0 23 3 11 11 22 20 1 8 4 11 4 19 9 0 20 21 5 20 10 19 17 24 12 19 10 10 3 24 5 3 19 14 14 18 9 3 1 18 24 25 24 21 15 5 2 8 9 24 13 3 18 13 2 13 18 25 2
12 20 12 3 18 19 23 23 25 1 19 25 9 14 18 11 18 20 0 19 3 4 7 18 4 22 18 24 18 14 10 11 8 19 20 23 22 16 17 13 10 17 8 2 18 5 12 4 19 23 2 24 8 9 18 0 2 15 7 13 16 16 2 21 17 11 24 3 21 4 25 11 21 5 6 8 21 11 20 22 24 5 14 16 11 21 11 5 8 12 7 21 6 1 8 19 6 19 13 2
19 10 19 12 17 4 19 4 3 4 14 6 11 21 14 23 9 16 13 8 4 0 15 25 17 14 21 23 24 24 20 11 13 5 17 23 24 25 24 5 23 15 6 18 6 5 25 17 3 1 0 22 4 22 7 3 2 15 15 5 16 11 0 5 12 9 23 25 19 24 10 17 17 22 8 1 21 17 11 0 6 24 3 3 10 18 25 10 1 19 3 8 8 8 18 8 21 21 21 6
7 21 25 10 17 18 1 4 3 9 12 18 19 12 22 7 20 20 24 4 20 22 18 7 24 10 10 0 22 19 3 12 4 14 20 13 14 6 5 9 12 1 17 14 17 13 8 11 4 15 5 0 14 5 1 23 14 7 21 1 12 25 7 22 22 18 5 21 13 21 6 7 0 13 18 1 7 18 0 8 20 1 16 11 3 21 0 18 7 0 2 16 23 2 14 14 2 6 12 12
21 14 2 5 2 2 25 11 14 3 13 20 4 23 23 0 2 2 21 6 15 23 13 16 6 4 25 18 25 24 15 25 17 13 22 7 7 15 9 11 6 13 13 18 25 17 24 11 24 15 6 2 22 4 10 5 14 3 11 15 25 8 22 24 8 8 14 22 23 23 21 5 11 15 25 25 17 5 7 4 15 13 18 6 24 5 3 19 11 2 25 24 13 22 10 16 21 6 3 23
24 14 18 15 11 6 11 5 0 20 17 5 17 10 12 14 23 16 11 15 5 15 0 4 20 15 2 13 6 2 21 2 14 2 15 23 25 15 4 9 18 6 3 10 16 12 24 5 8 2 9 7 17 13 19 0 16 5 22 17 23 6 17 22 21 16 19 25 23 14 8 19 5 6 3 12 5 18 1 10 17 21 9 0 9 11 21 10 21 0 23 2 11 6 24 23 13 16 11 16
15 3 0 4 5 13 16 20 23 22 7 18 4 9 7 13 4 23 21 7 16 21 9 8 19 13 19 18 6 18 19 4 24 8 3 10 9 5 21 16 1 10 1 15 0 24 19 12 21 24 25 4 14 10 23 10 0 23 19 23 7 0 17 14 15 9 5 15 0 14 0 6 2 4 3 13 7 6 5 4 18 3 24 16 15 10 24 24 24 5 23 22 10 16 17 15 9 24 2 12
1 18 15 13 18 20 13 4 17 10 18 17 17 21 22 18 17 0 9 21 4 17 21 2 7 0 4 20 0 25 16 22 5 0 25 0 22 12 25 2 7 25 0 13 25 25 16 18 4 9 24 9 22 16 17 5 9 7 1 18 21 2 6 23 17 17 18 9 2 20 8 18 7 23 19 2 12 4 1 14 5 25 20 12 14 5 3 11 12 12 19 19 16 10 13 16 10 1 23 21
13 17 21 14 21 17 17 12 5 20 11 14 15 25 5 17 21 16 24 11 24 24 2 2 10 18 9 0 25 5 14 16 23 4 5 3 12 20 1 12 5 25 8 19 25 8 11 2 5 4 5 2 19 18 0 18 5 20 21 15 5 2 20 4 13 6 11 24 21 6 9 3 2 4 2 2 23 19 12 14 20 22 20 5 3 22 17 3 10 17 21 10 11 18 18 22 21 18 24 18
18 0 15 0 22 22 7 23 2 16 25 24 9 15 8 19 17 5 17 10 15 7 7 10 14 24 1 13 21 10 0 0 3 17 22 1 0 16 0 19 1 19 6 9 20 2 12 4 23 10 16 23 24 6 9 7 18 0 23 0 2 0 4 9 15 16 20 25 8 16 23 7 2 23 17 10 5 14 0 13 19 15 0 21 23 3 5 1 22 0 21 3 6 4 25 14 20 4 23 1
8 4 25 2 21 7 16 18 0 7 6 14 23 1 24 1 2 13 2 20 18 11 22 21 10 3 11 18 1 8 13 13 14 6 3 11 18 12 7 25 21 8 14 10 4 15 16 20 10 12 10 5 22 19 13 12 17 1 8 16 2 4 7 24 3 14 21 15 19 12 23 18 8 4 17 12 10 4 8 14 0 4 0 12 19 14 21 22 18 23 0 11 23 20 22 9 9 10 5 4
3 14 25 8 11 15 23 18 11 21 22 0 16 6 20 17 12 6 20 23 24 0 8 23 0 5 13 7 21 11 3 0 8 25 22 23 24 11 7 20 4 12 5 0 24 3 1 10 5 17 14 5 23 15 13 8 20 13 24 3 23 21 7 10 1 14 21 4 19 15 21 12 6 20 1 5 8 1 0 16 6 20 11 3 18 17 15 23 8 3 10 4 18 10 12 25 11 15 15 13
17 23 3 11 22 13 2 24 0 16 20 9 19 21 15 12 17 15 12 4 17 20 12 16 8 6 24 10 5 1 20 22 11 3 21 21 4 11 19 22 11 23 7 21 12 17 19 13 17 8 14 18 14 14 11 5 15 13 14 24 3 14 16 8 7 2 3 11 9 10 2 7 18 22 4 5 0 1 12 2 6 18 2 16 23 10 20 23 0 3 16 20 0 5 3 5 15 17 5 21
24 20 15 10 15 11 23 16 18 10 2 10 23 21 8 4 21 6 10 12 10 22 18 18 6 9 10 14 2 20 1 15 19 8 0 10 14 6 8 5 16 23 16 23 20 15 12 5 14 24 1 11 22 6 3 5 17 6 2 20 0 1 18 3 6 3 23 19 0 15 16 24 9 4 10 2 1 18 25 15 14 18 21 1 2 10 19 12 7 23 20 8 16 0 18 2 25 14 15 16
12 18 5 6 14 14 0 11 2 6 15 24 17 11 9 15 12 7 21 2 23 1 21 17 23 6 22 20 20 22 25 9 9 19 25 2 4 1 25 19 6 7 1 1 1 3 25 22 1 18 0 11 3 18 3 4 4 4 0 3 7 11 23 18 14 22 9 25 10 10 4 6 2 10 18 15 8 3 19 17 0 17 7 10 18 20 6 12 3 3 23 4 9 12 13 15 7 20 23 16
1 0 22 8 6 21 10 2 6 0 20 11 18 17 22 21 15 0 5 22 16 5 1 3 12 17 7 18 8 0 15 15 11 16 2 20 25 8 20 12 0 9 7 9 21 7 13 1 0 8 15 10 6 15 2 9 1 4 12 17 13 1 3 9 7 23 14 20 22 25 5 23 16 9 5 12 25 8 19 22 15 1 5 16 4 4 9 13 4 11 15 14 0 7 3 23 11 9 8 4
10 16 24 17 14 23 9 0 25 19 21 12 11 21 10 22 25 5 16 24 18 8 7 17 0 5 5 10 17 16 16 15 25 22 7 1 24 17 16 24 23 13 7 5 4 11 13 14 8 8 15 0 25 7 12 24 4 1 23 15 5 0 5 6 24 1 23 19 21 3 5 5 9 14 6 14 14 1 16 13 11 11 5 2 24 9 13 0 25 15 1 6 23 13 12 2 21 12 1 12
6 14 16 0 21 19 4 14 5 6 0 25 11 7 15 8 10 0 15 14 9 10 0 25 9 12 5 7 8 15 19 16 5 6 0 16 2 23 10 23 5 10 24 12 23 8 5 16 3 6 3 14 0 8 1 19 22 10 23 18 0 10 18 20 21 18 23 14 9 25 10 12 23 1 16 23 3 9 21 20 16 1 4 9 19 22 20 4 14 19 20 20 23 11 14 10 4 16 18 11
8 18 9 14 13 9 24 4 8 8 14 21 23 21 0 8 11 9 18 19 13 3 17 9 3 21 21 18 15 25 16 4 10 12 7 0 21 7 20 14 19 10 13 3 2 19 12 13 25 16 16 22 5 16 23 10 21 25 8 0 23 14 18 5 12 14 25 9 23 1 7 4 15 12 18 9 3 0 3 5 11 19 10 19 1 8 5 8 19 8 4 15 23 16 8 7 12 24 24 4
22 17 23 11 9 16 3 5 15 22 22 5 9 4 16 15 25 4 25 17 13 11 1 17 20 9 14 22 0 13 24 13 16 3 10 16 6 25 13 4 23 22 7 24 14 1 0 6 20 5 9 17 25 23 25 1 12 15 18 3 0 12 18 12 22 1 11 20 11 16 15 16 3 24 17 5 1 16 2 18 25 23 20 11 4 3 7 7 10 15 23 4 8 5 13 8 24 25 3 15
17 16 9 1 9 0 25 10 16 3 9 11 3 11 5 19 7 7 0 0 18 25 10 14 16 2 18 0 0 24 14 14 10 10 10 14 25 1 25 0 6 14 0 12 19 20 23 5 15 19 11 12 15 25 19 20 2 3 19 20 2 5 12 15 20 17 7 16 11 7 12 12 23 14 0 14 22 3 24 23 22 23 8 24 6 1 1 25 9 21 2 18 5 20 23 19 8 4 10 20
24 5 21 25 5 10 4 17 19 16 18 5 16 1 1 8 8 2 15 22 3 5 14 1 17 14 22 20 17 3 23 22 12 12 19 14 0 0 18 18 4 7 9 23 5 5 11 9 21 19 12 12 11 5 4 11 18 6 11 9 7 12 5 11 1 18 11 9 14 20 19 18 21 1 19 25 23 9 23 10 20 1 22 2 12 15 10 5 12 9 9 18 25 0 14 3 23 14 2 6
6 21 9 16 6 5 0 10 10 3 15 8 12 0 17 15 16 5 14 23 10 23 24 22 13 0 13 24 17 22 11 4 23 12 12 15 19 21 18 21 9 7 1 25 0 4 20 22 21 11 14 24 14 7 1 4 14 16 4 21 19 10 19 3 22 25 22 5 13 23 21 19 15 19 3 3 20 25 25 19 3 7 21 22 4 10 0 17 21 23 7 11 22 21 13 3 8 2 4 21
10 11 15 14 4 16 5 18 20 25 11 7 19 7 16 0 11 25 8 3 6 25 14 1 1 22 12 11 8 8 16 17 22 2 14 10 20 25 24 12 25 0 22 3 25 8 6 24 12 16 20 22 9 22 2 20 16 14 15 2 24 23 17 16 6 9 6 3 15 19 9 17 4 13 4 14 4 25 15 17 16 11 20 13 7 7 1 21 3 21 7 25 11 24 19 8 23 1 1 11
21 19 22 21 14 10 14 6 7 14 25 13 16 6 15 16 1 3 4 1 20 9 12 15 24 14 17 23 25 22 12 12 9 15 23 1 15 23 0 17 17 25 13 22 7 4 23 3 22 9 23 2 16 17 9 22 13 18 20 13 19 22 22 1 19 9 24 2 13 19 6 17 3 20 18 13 12 6 17 19 9 1 5 0 20 3 18 14 25 2 23 0 12 24 12 20 15 14 17 23
2 9 4 13 19 20 12 19 12 25 25 24 1 19 2 2 12 14 0 16 18 9 7 10 1 14 18 21 1 6 19 11 3 3 23 2 9 7 4 6 2 4 25 24 25 6 21 25 2 15 10 20 6 11 1 3 0 4 13 21 18 24 12 3 16 6 23 7 14 10 16 11 0 25 2 11 0 18 12 11 14 14 0 16 3 11 17 20 1 20 8 17 23 21 16 2 0 8 3 10
18 19 13 21 19 9 10 16 18 6 14 15 13 11 10 12 6 1 4 16 24 21 23 18 15 24 10 11 0 24 21 0 11 15 17 16 18 3 1 10 22 10 24 21 3 3 8 12 19 11 24 6 2 23 21 24 18 20 6 8 3 10 22 2 24 15 12 10 0 19 20 23 5 18 1 14 3 24 11 17 13 5 8 14 12 22 4 11 0 4 15 25 20 14 12 11 24 1 0 1
25 1 4 25 4 11 8 15 24 7 3 4 10 10 7 20 6 3 3 9 23 12 16 22 9 19 7 20 3 19 4 23 7 19 19 24 10 21 16 19 18 22 3 16 5 14 18 21 7 22 10 18 8 5 9 20 3 15 8 5 8 16 14 12 8 2 20 20 19 18 6 25 24 10 2 0 13 6 9 4 5 20 22 7 22 16 8 4 5 1 4 0 18 4 22 15 1 25 0 16
14 13 6 7 17 13 3 21 16 13 20 20 23 21 25 15 5 24 14 0 17 13 1 5 15 20 8 20 13 17 2 17 17 20 13 20 6 15 23 17 5 10 12 10 9 7 4 20 25 13 19 9 16 9 1 10 2 15 13 0 25 4 20 25 10 5 23 6 18 23 2 9 21 20 0 4 2 11 13 6 22 4 8 23 18 20 1 11 18 7 17 2 9 22 19 1 23 22 11 22
15 3 14 20 11 25 3 25 5 24 12 8 8 16 22 25 5 11 17 22 12 6 1 10 5 7 10 20 10 15 1 5 11 6 25 23 2 8 6 7 15 0 21 8 16 7 23 22 0 12 20 5 23 22 22 2 15 3 21 11 4 24 17 2 20 23 19 13 5 22 13 24 4 13 3 9 5 8 25 10 3 14 19 0 20 12 13 20 6 5 19 11 10 20 16 21 14 15 17 1
20 5 17 11 11 6 0 9 2 4 17 10 20 0 6 18 24 22 9 6 14 2 8 9 13 9 25 19 24 18 5 10 20 1 14 8 0 8 17 24 13 5 14 2 12 11 11 8 13 4 12 5 4 24 19 14 3 1 6 11 14 5 17 3 12 15 7 19 23 25 19 5 20 8 5 5 2 7 23 9 19 16 25 11 7 22 2 25 4 21 8 11 24 25 19 8 7 19 17 11
6 16 24 1 3 4 5 13 14 20 3 14 3 0 9 15 19 23 8 23 24 25 0 20 4 8 21 10 2 18 20 14 1 2 11 1 24 4 12 1 22 17 0 14 17 5 22 11 25 12 3 13 6 19 13 25 5 19 13 11 18 13 17 6 2 14 3 21 22 25 5 9 15 5 21 18 1 23 5 19 15 18 10 9 19 14 7 8 6 14 6 17 9 23 21 2 3 18 9 0
10 5 9 9 25 6 14 13 21 4 7 17 5 9 23 22 15 23 24 10 22 20 2 17 2 22 8 11 5 8 4 4 2 10 13 13 19 9 25 1 1 25 12 1 15 12 17 7 11 12 23 23 1 3 22 2 10 23 1 8 3 7 3 16 16 17 20 17 14 22 2 2 1 11 21 12 9 15 3 5 2 25 17 22 20 4 0 23 2 1 0 25 7 2 13 5 12 4 21 22
7 8 5 3 24 15 1 22 5 24 23 25 7 24 20 21 4 2 24 17 17 14 12 4 17 9 14 24 12 25 8 13 5 24 8 10 22 20 18 18 0 20 12 12 13 9 21 14 8 4 10 9 13 2 18 20 21 0 10 25 24 16 10 3 25 3 0 3 18 7 18 17 6 14 23 11 22 4 7 19 9 12 12 9 15 24 7 1 15 25 0 19 11 7 17 21 11 16 6 11
18 4 11 18 11 8 7 24 20 23 14 14 23 0 0 21 23 16 6 5 23 20 1 19 17 23 8 16 19 6 1 8 25 12 17 14 5 14 11 9 25 8 0 23 3 13 15 4 1 12 1 14 5 25 18 3 18 24 25 11 4 1 18 9 25 20 3 20 11 13 15 12 8 7 15 16 10 24 7 16 10 4 10 25 7 13 10 20 7 7 1 2 11 24 0 2 0 15 20 25
10 13 3 9 19 22 21 7 14 21 15 6 9 24 4 22 6 0 24 4 22 5 5 21 11 2 0 6 6 18 2 17 21 2 1 0 1 2 12 5 20 8 8 24 9 25 2 23 21 23 19 5 17 14 2 25 12 15 12 4 7 9 11 5 2 20 17 11 5 7 0 10 4 2 11 24 9 17 15 8 16 15 24 1 10 2 5 13 17 7 10 17 8 13 5 9 11 4 6 21
9 5 6 15 19 3 6 15 17 19 0 13 14 6 12 18 24 21 6 18 14 13 17 7 15 25 3 16 21 14 10 14 23 11 25 15 20 13 8 7 16 6 1 2 12 12 22 8 19 2 23 12 20 7 24 3 22 7 7 5 0 16 24 20 20 22 6 6 5 23 9 23 11 4 5 15 1 0 22 16 23 22 5 25 1 7 1 9 11 25 24 25 5 19 23 13 18 20 0 2
5 2 5 10 23 1 19 5 18 3 3 9 8 0 2 4 3 7 2 4 17 0 22 24 20 15 20 4 10 6 4 9 5 21 8 21 20 4 11 19 12 16 12 21 10 13 4 16 7 4 5 15 12 8 12 24 23 17 14 20 15 3 2 3 12 9 25 19 22 7 6 8 9 15 20 21 8 1 10 13 13 15 21 0 20 1 11 0 0 19 4 4 23 23 5 0 12 13 21 12
5 15 11 19 8 20 3 3 2 14 3 15 12 20 21 7 16 10 23 6 8 13 16 0 9 19 23 18 14 6 19 14 10 10 5 23 19 10 19 19 15 8 25 13 22 21 14 16 1 3 24 14 17 25 14 17 24 7 10 13 21 14 16 19 16 16 4 23 25 20 22 23 15 22 19 6 19 1 12 2 3 12 13 4 3 11 20 13 1 19 14 4 10 18 0 25 25 18 24 19
4 11 24 7 3 3 22 11 19 14 11 17 3 1 6 12 16 21 17 13 9 20 1 15 18 13 15 8 9 4 18 12 10 23 11 10 3 17 1 5 2 18 19 9 11 0 24 20 4 12 6 6 15 7 19 17 23 14 23 13 15 16 24 22 13 16 6 5 6 2 25 24 21 8 12 10 4 7 24 24 7 25 12 23 25 0 24 12 22 11 21 20 22 16 22 17 20 10 8 19
21 8 4 17 18 20 6 8 10 17 15 5 20 8 22 7 14 22 14 17 5 7 19 7 21 15 2 5 2 12 18 13 22 13 8 5 1 4 23 2 4 23 18 13 18 25 9 1 15 14 6 3 20 5 7 25 25 7 1 25 15 9 16 20 16 16 1 9 21 19 9 18 17 15 5 23 14 25 20 6 15 14 5 9 8 23 1 13 5 4 18 2 15 4 24 19 14 16 20 3
6 3 19 5 20 4 15 12 4 12 0 5 11 15 19 16 3 25 9 16 18 13 25 9 5 13 24 23 10 8 12 14 18 2 18 1 19 9 9 16 0 5 7 23 14 11 4 2 8 9 0 0 15 1 22 13 23 7 15 15 18 22 22 4 11 1 16 3 23 11 3 14 10 13 17 7 5 18 3 25 7 25 10 3 18 10 22 8 19 22 6 1 19 1 5 14 23 0 7 9
4 25 0 23 18 7 1 22 0 19 15 24 13 22 24 22 22 15 3 15 10 25 11 10 1 15 4 3 20 25 3 25 19 14 0 21 25 20 14 5 13 0 1 10 20 0 14 3 24 17 11 25 20 15 25 12 3 21 7 13 14 11 21 20 18 8 0 10 1 13 10 24 23 19 23 21 19 15 9 16 3 4 2 16 12 9 24 13 4 16 13 5 20 11 21 24 13 25 23 10
4 6 15 16 8 8 13 17 7 4 24 14 17 25 24 14 18 12 23 16 3 9 25 25 9 24 14 21 14 15 1 13 16 10 16 15 2 23 17 11 10 18 2 17 9 15 12 1 20 1 7 17 16 16 6 12 14 0 3 12 10 6 19 7 16 25 20 5 6 25 2 24 2 13 1 5 24 6 8 9 5 7 6 25 8 19 13 25 19 11 18 14 10 17 14 25 8 19 10 12
8 12 22 13 6 0 4 1 13 0 12 20 1 21 15 11 23 23 14 20 10 17 2 25 8 1 21 9 16 2 23 3 21 22 23 12 8 24 12 13 10 3 17 12 14 18 4 11 7 20 15 10 13 17 9 15 1 11 4 21 25 14 20 2 21 23 23 24 24 25 14 7 15 9 6 15 6 5 3 19 0 24 14 13 18 13 6 10 22 3 0 6 5 18 18 20 18 3 25 4
7 4 21 8 20 9 20 19 22 1 12 18 7 22 23 10 4 13 8 16 19 21 0 16 9 25 16 8 18 9 17 14 6 8 24 16 25 11 2 16 12 12 13 3 6 1 11 6 7 14 1 15 19 0 19 22 0 23 25 16 15 25 7 14 4 6 2 21 9 16 8 4 17 3 11 3 19 13 10 4 17 23 22 14 20 25 6 13 19 5 3 10 12 25 25 7 20 3 1 23
17 16 10 23 10 10 12 3 6 15 19 17 20 5 12 20 6 24 4 23 18 3 24 4 2 24 25 25 2 10 18 24 19 15 18 16 15 16 22 14 10 14 1 9 3 19 0 23 19 5 24 12 1 14 21 9 17 8 6 22 21 10 11 14 23 13 0 18 13 7 6 7 4 4 0 9 21 22 0 14 5 22 23 21 22 17 8 13 3 1 17 18 7 6 3 11 12 16 21 9
8 20 17 12 11 17 13 0 5 10 16 22 18 3 23 15 15 18 7 14 19 13 13 13 1 17 13 9 17 7 19 7 17 9 21 9 25 6 15 17 22 18 21 2 11 9 5 21 24 23 16 16 19 23 10 12 15 24 6 7 7 0 22 0 6 12 6 7 14 16 14 11 8 15 14 19 18 20 25 4 1 25 24 8 3 8 2 2 4 7 19 19 15 23 12 13 23 24 6 21
5 7 16 3 21 13 19 15 19 25 21 12 1 17 22 22 1 24 3 4 19 2 22 20 16 19 7 16 6 6 16 11 21 7 0 9 18 1 13 2 8 15 7 14 10 14 7 8 21 18 6 15 3 24 17 25 4 8 20 2 9 7 1 20 3 9 23 18 15 21 24 12 5 9 5 7 22 20 10 23 2 20 5 25 18 6 23 8 2 17 1 21 23 24 11 1 12 7 9 4
24 20 11 13 14 1 11 15 15 17 11 18 22 13 2 5 18 15 25 7 16 17 8 6 21 7 14 3 10 22 20 11 2 23 25 20 19 16 19 0 4 14 5 11 4 3 13 23 3 22 8 21 19 12 7 20 20 25 10 11 8 3 11 15 22 22 21 5 2 18 1 5 1 6 0 7 1 22 17 23 22 12 14 2 0 10 6 3 24 1 17 14 6 17 20 9 21 12 1 4
3 5 20 16 5 7 12 1 10 1 21 25 18 6 21 16 24 8 3 20 21 2 12 2 19 1 16 15 12 20 11 8 18 22 5 8 15 18 3 2 5 6 6 21 0 15 11 0 21 19 25 14 8 16 20 21 0 13 1 16 17 19 15 18 21 10 17 0 24 0 24 20 15 12 21 0 14 12 19 5 25 15 2 1 5 24 23 25 2 25 16 15 8 0 22 11 12 21 3 6
6 17 5 25 15 0 0 18 12 0 12 25 9 14 15 15 24 5 15 12 21 8 3 14 14 4 16 18 21 6 23 14 12 21 6 2 10 23 2 23 2 12 22 22 10 21 3 11 5 23 1 24 7 8 8 11 1 9 12 15 23 1 13 16 18 19 4 18 4 16 21 11 6 3 2 14 9 20 1 21 21 12 2 15 5 2 13 20 12 18 23 1 0 23 20 15 13 0 2 24
9 7 24 23 13 21 19 20 13 9 13 23 6 23 24 2 23 9 4 18 13 17 22 24 18 7 4 6 12 15 3 14 15 25 18 9 5 10 0 1 9 23 12 1 2 21 16 23 17 15 3 24 16 2 17 12 1 13 9 1 5 22 6 16 15 13 17 12 7 11 17 9 7 21 13 1 0 21 17 10 19 0 24 13 8 18 2 21 15 12 5 8 3 20 11 1 2 2 11 23
18 8 0 20 0 12 8 2 21 8 20 15 8 2 24 1 18 3 11 25 22 8 22 13 21 17 0 5 17 16 18 0 7 16 11 1 7 21 16 21 18 24 1 5 19 7 3 1 5 16 25 15 16 25 9 19 18 3 2 12 2 6 23 15 15 1 6 14 18 1 10 14 11 21 16 25 0 6 25 16 23 3 21 15 12 16 21 3 11 16 13 0 8 25 7 18 17 10 20 12
25 22 7 11 0 10 1 18 25 2 4 1 18 2 3 22 10 17 20 0 14 7 21 6 6 14 10 3 16 7 7 23 17 23 15 21 23 6 13 15 12 24 15 7 10 9 21 21 20 13 3 20 21 10 25 23 7 8 11 10 18 12 10 24 24 17 9 15 12 11 9 5 6 4 19 24 5 13 22 22 23 23 12 2 9 8 9 19 25 4 12 6 24 15 24 7 23 22 14 7
5 3 3 24 5 13 13 8 25 11 18 24 3 4 5 7 23 2 8 7 14 19 15 23 24 2 10 15 4 6 22 10 21 1 7 9 12 6 0 25 6 10 5 1 22 21 3 22 0 22 20 8 4 8 17 13 0 7 0 15 17 7 2 6 2 0 9 3 20 20 2 0 3 4 22 25 22 11 13 11 0 13 17 9 13 13 0 7 17 6 4 2 21 0 17 16 7 13 7 6
12 8 6 23 4 3 8 9 8 19 25 6 1 7 2 3 1 5 20 18 5 20 5 1 12 0 7 9 13 12 11 10 19 22 25 8 8 0 1 8 1 11 16 24 9 3 8 10 7 4 3 18 4 3 9 13 6 0 24 6 19 19 11 25 18 7 12 1 8 22 22 16 4 9 12 14 23 16 24 4 10 9 1 11 0 4 0 7 11 6 11 18 12 0 3 9 6 2 21 23
19 0 18 9 22 5 18 14 0 3 2 18 12 17 0 11 11 23 7 4 21 5 8 10 10 18 10 20 4 13 8 20 0 25 16 0 10 20 8 2 3 20 5 4 3 21 8 14 14 6 0 12 1 8 16 6 20 14 12 18 21 12 8 25 13 13 17 25 3 16 11 7 16 7 1 6 14 20 20 15 24 21 22 2 11 19 23 10 20 6 5 1 25 6 18 15 13 17 12 8
6 12 5 21 0 11 17 12 25 18 7 5 22 19 12 5 10 0 13 11 14 22 19 10 11 12 5 6 9 24 19 18 14 8 14 6 23 0 17 23 15 12 4 8 21 24 15 24 2 15 24 0 23 15 3 18 18 0 22 11 23 20 21 0 25 24 8 25 3 21 23 6 16 17 25 24 3 2 22 18 20 19 22 21 2 14 17 20 3 8 6 11 19 5 25 14 7 2 22 14
0 22 11 11 17 14 1 10 9 13 16 6 2 17 10 1 14 15 16 22 4 12 6 6 5 10 13 22 13 12 23 10 2 22 2 22 23 5 19 6 5 2 3 15 7 16 20 23 9 3 2 1 15 15 15 22 9 8 4 0 7 14 2 10 12 22 21 5 2 15 3 12 2 2 4 2 17 25 10 9 8 20 25 15 17 5 8 5 25 10 24 3 6 5 10 0 22 18 9 1
22 18 7 5 18 12 16 21 24 4 6 14 15 22 3 24 13 24 19 2 9 14 10 12 5 12 13 0 23 24 19 13 4 2 22 12 2 3 10 4 16 7 1 7 18 16 7 1 0 18 5 1 17 7 16 6 17 13 16 3 8 6 15 0 20 19 2 25 24 6 3 8 21 13 9 20 11 11 19 21 7 24 25 4 4 15 10 9 3 2 15 19 17 20 24 15 4 22 4 2
3 25 19 17 1 13 16 1 10 5 13 17 15 16 23 1 18 5 6 7 22 21 13 9 10 2 22 0 0 21 13 21 6 20 15 6 1 14 4 19 9 10 18 13 0 17 20 18 5 13 10 2 0 2 24 10 1 24 20 25 1 10 23 22 4 10 2 7 25 18 2 12 5 23 0 13 3 3 2 17 10 15 14 7 22 4 7 0 21 18 11 5 10 9 13 16 3 1 14 7
6 15 22 1 24 2 23 24 16 5 7 23 2 24 9 9 10 0 15 25 14 2 24 13 13 14 16 9 16 25 0 10 19 19 9 5 16 5 10 15 17 3 17 6 19 7 7 7 12 24 2 6 19 14 11 2 19 19 11 6 16 0 15 2 14 6 16 17 18 16 23 7 25 0 19 8 3 9 12 0 15 23 2 16 20 0 7 17 0 7 9 5 21 2 18 24 1 13 13 22
25 15 23 2 2 21 19 10 6 23 23 9 3 9 5 16 6 14 1 17 20 0 3 5 0 12 20 23 1 11 17 1 18 23 19 10 23 20 4 15 11 3 10 8 14 22 15 12 5 22 22 7 16 18 2 7 12 14 4 21 19 22 19 11 11 23 0 14 24 4 25 14 12 8 22 24 2 14 12 20 10 25 8 11 25 16 8 10 12 4 5 16 9 22 3 8 9 21 7 22
20 23 18 23 16 16 21 1 5 10 14 15 21 16 2 16 3 11 1 25 7 12 19 25 8 14 1 8 10 21 2 13 15 6 3 23 16 18 15 12 25 2 25 13 5 24 16 1 6 5 8 19 21 12 11 20 9 19 19 0 15 22 17 12 8 20 19 22 20 1 13 17 10 17 16 22 3 17 11 13 6 22 1 6 18 4 10 14 19 7 8 10 2 5 3 18 19 3 20 8
25 8 8 7 19 12 15 21 7 21 11 3 6 5 22 24 22 4 11 2 24 23 15 8 21 14 20 23 10 19 22 14 15 1 6 24 17 11 17 10 16 10 0 2 8 17 5 3 2 15 2 14 6 20 4 25 9 14 1 21 1 5 20 22 2 1 20 21 20 23 22 2 15 13 21 20 7 1 16 13 21 25 5 8 22 11 1 24 16 0 0 22 5 21 23 22 9 8 11 11
3 7 6 13 16 5 2 16 3 24 19 11 0 23 0 11 0 4 15 15 23 11 3 2 16 7 4 3 2 0 7 8 20 14 9 18 4 10 21 15 24 24 9 13 4 6 21 2 21 13 8 23 0 1 17 4 11 17 24 6 16 0 9 19 8 6 21 11 24 0 11 15 17 16 25 4 16 7 20 7 11 16 18 21 24 25 8 23 18 7 8 14 11 4 16 9 20 17 19 21
25 22 4 5 15 14 12 16 0 15 8 7 9 20 11 5 25 11 20 16 4 4 8 21 22 17 2 20 21 3 21 25 21 16 24 3 0 8 4 9 5 5 21 7 10 23 6 7 19 12 19 16 8 2 2 6 3 11 9 17 24 11 15 1 12 15 23 17 24 14 19 15 14 18 12 21 6 16 25 5 23 6 4 17 9 18 6 13 16 11 10 6 17 14 25 2 16 0 15 24
22 9 21 7 2 13 23 20 22 23 21 22 22 22 8 8 3 10 10 17 16 22 9 22 15 14 24 17 17 25 17 11 13 3 19 3 16 4 15 7 24 22 21 18 13 16 12 14 6 10 17 23 21 8 21 3 21 10 3 5 11 19 15 2 10 25 22 12 25 25 11 1 21 2 13 19 4 13 8 18 9 12 21 4 4 19 7 14 5 6 21 12 20 7 0 2 13 18 3 20
10 5 11 20 9 22 1 22 8 12 22 25 7 22 20 23 23 21 3 10 10 5 5 4 7 12 3 12 10 10 1 9 5 0 23 1 5 15 5 0 5 8 17 8 24 22 9 24 25 21 11 8 9 17 22 0 20 6 7 5 11 19 24 19 9 22 3 1 23 25 6 24 19 20 8 18 16 4 11 20 20 1 20 18 3 22 20 4 4 4 2 18 25 0 8 19 15 20 6 15
17 12 17 9 18 7 18 17 25 4 20 19 4 15 8 7 4 22 24 17 15 7 5 6 11 5 2 23 0 9 15 4 7 10 18 2 23 23 0 12 16 22 24 1 16 10 6 10 0 7 24 15 7 10 25 3 23 19 7 25 20 5 22 19 0 8 2 7 24 10 5 5 9 3 21 7 25 15 0 21 12 18 3 13 9 0 23 6 25 14 14 4 4 10 17 1 21 23 16 25
10 23 20 22 18 12 21 10 14 14 23 3 25 18 6 22 2 6 21 19 16 11 6 12 22 25 6 1 9 8 23 24 16 12 11 0 25 16 22 15 24 21 0 0 22 9 8 24 21 25 6 19 9 25 6 13 7 13 12 8 19 8 14 9 13 12 10 9 22 8 12 4 0 8 5 18 5 8 0 12 6 17 13 7 0 14 8 2 3 13 23 2 25 20 8 1 11 2 14 5
5 25 11 3 1 19 9 3 12 3 3 22 10 9 17 15 5 22 25 10 17 17 1 7 8 1 15 8 3 13 18 23 13 12 9 19 14 5 17 16 18 20 17 4 17 24 24 6 2 15 0 11 16 4 5 0 25 9 20 6 2 16 8 24 11 21 18 13 16 19 2 23 20 18 13 25 0 13 6 19 10 15 14 11 4 5 15 7 14 1 7 8 12 18 7 17 22 11 5 20
13 19 12 0 21 19 20 12 23 6 0 11 18 23 12 8 10 10 13 6 24 17 23 9 21 14 4 7 5 23 10 11 12 8 16 2 22 11 12 13 12 20 8 5 5 7 0 0 4 16 19 9 2 14 4 10 22 9 0 1 4 25 20 1 9 2 9 21 11 15 6 19 9 9 2 13 24 24 14 15 2 15 23 7 16 23 11 1 8 9 2 12 13 7 7 19 20 23 13 2
10 21 15 19 3 9 6 17 5 6 24 22 12 16 20 6 1 20 5 22 22 10 25 0 10 1 6 22 3 6 6 20 11 12 21 19 8 24 19 12 9 4 0 2 2 2 12 24 11 14 17 25 13 1 5 0 22 11 10 13 7 25 7 14 5 11 5 24 9 16 23 0 8 21 10 19 14 2 20 24 15 19 19 0 1 7 15 10 1 7 1 0 21 23 15 11 12 11 9 13
13 19 18 24 20 12 16 3 15 10 7 13 8 20 19 20 20 11 15 6 4 3 5 5 17 14 8 16 13 25 24 20 14 10 8 17 10 6 21 18 5 17 4 21 19 12 24 13 10 0 20 13 3 9 25 25 4 7 24 18 14 16 2 21 25 0 6 18 4 3 16 16 22 12 6 12 8 8 18 2 11 24 23 5 25 17 8 22 1 5 1 4 6 15 15 7 3 1 7 14
22 22 15 9 8 23 21 10 11 14 10 22 17 13 12 21 20 4 3 4 25 9 9 5 25 12 25 6 8 1 18 6 19 16 0 15 5 13 19 10 4 24 17 6 18 13 13 4 3 3 20 7 20 20 3 20 8 22 3 6 4 2 24 5 19 0 9 11 4 3 18 7 16 25 4 21 14 24 16 22 22 5 11 6 23 8 23 0 3 1 3 6 4 0 16 25 0 4 25 21
0 25 18 17 15 7 3 24 11 4 16 2 10 12 6 14 19 13 15 13 4 11 19 14 15 19 13 2 23 18 24 6 6 8 1 5 9 19 5 22 9 14 6 9 0 9 23 1 23 17 20 21 25 16 9 18 17 3 19 25 6 2 6 8 11 2 23 0 17 1 16 19 3 3 15 2 1 11 5 23 15 2 3 1 15 16 19 18 2 9 20 21 21 18 12 0 6 4 5 10
0 19 24 14 8 3 0 1 25 2 21 4 10 2 25 7 20 16 1 22 9 6 25 6 15 12 22 1 11 22 9 14 4 11 18 18 16 7 16 1 23 5 14 0 1 18 19 22 20 20 25 10 24 15 24 12 13 22 19 25 7 22 12 4 8 4 14 11 18 20 16 4 23 16 18 3 22 6 15 13 1 13 18 22 25 1 24 3 21 10 18 13 10 9 11 9 3 4 9 6
2 11 2 19 14 16 19 13 25 7 21 17 3 19 6 2 20 5 6 15 10 23 18 5 3 5 5 14 19 4 20 18 4 0 6 13 12 13 1 0 15 12 6 19 6 0 25 12 1 18 15 16 9 17 22 6 25 12 23 15 8 0 5 2 7 21 14 25 8 11 1 1 22 19 19 9 3 8 23 4 6 2 22 24 6 18 14 2 22 23 18 17 8 17 16 5 5 14 21 8
17 2 24 4 15 7 23 18 11 19 24 19 21 11 15 4 1 13 22 19 3 3 24 25 14 13 13 14 16 1 16 3 22 23 21 12 19 14 13 8 18 12 22 23 20 3 13 9 5 11 6 25 10 4 10 1 5 9 24 7 21 14 9 5 22 13 6 13 19 17 2 10 21 1 9 21 22 5 6 13 18 14 9 14 0 21 0 16 14 9 14 24 16 1 12 25 11 12 23 3
16 0 22 6 10 21 1 15 5 2 10 18 6 19 13 5 15 23 20 15 9 8 19 24 17 20 12 2 11 25 10 4 16 18 16 8 25 0 16 3 3 11 7 17 0 18 1 25 6 25 13 2 15 11 0 5 12 5 12 8 25 25 9 18 11 15 12 7 8 25 2 12 9 4 25 15 1 13 18 18 7 13 17 7 20 0 12 23 9 10 6 20 15 1 8 12 1 25 1 3
6 2 19 14 19 19 7 7 17 3 16 7 11 4 21 19 8 22 17 7 24 22 20 1 19 24 15 22 19 4 14 4 13 0 18 5 22 6 22 3 1 23 25 22 3 22 5 7 12 25 19 6 5 19 21 17 20 3 16 9 13 9 16 23 7 22 18 1 25 22 2 5 13 22 11 15 7 15 25 16 2 25 14 17 23 1 3 18 11 10 16 1 0 19 10 7 25 5 19 9
6 13 9 4 23 2 22 12 9 7 4 8 23 3 21 1 8 13 15 20 2 4 24 25 5 3 3 19 5 14 19 10 3 18 11 23 3 5 13 17 2 19 23 15 19 5 22 15 17 6 7 23 11 10 9 6 24 25 19 24 20 7 2 6 4 18 5 13 6 16 15 21 5 7 22 22 2 14 11 21 13 7 8 6 7 23 25 19 17 23 20 18 4 4 13 12 15 13 20 24
22 8 1 20 12 10 11 3 3 17 17 10 18 11 1 20 25 25 19 10 3 1 14 14 0 14 4 18 3 16 21 19 11 9 18 3 1 16 4 2 4 5 17 18 20 12 20 18 10 0 20 5 9 10 15 11 22 14 23 2 22 3 6 25 25 25 15 0 24 10 23 22 5 16 22 18 20 4 7 15 6 20 17 2 1 23 16 5 4 6 7 0 7 18 10 23 5 21 14 12
20 12 11 10 21 16 11 7 13 20 20 16 14 4 7 12 23 19 24 18 3 3 23 9 17 13 16 7 15 8 17 4 17 5 8 21 16 6 1 12 4 10 17 9 2 23 10 2 11 21 16 5 12 1 22 0 24 0 3 15 16 6 25 7 11 1 18 6 0 15 15 17 13 19 0 9 12 17 11 4 17 22 16 13 1 17 0 7 0 25 13 4 1 6 11 13 5 4 9 9
18 8 17 2 16 4 4 10 20 16 16 22 1 19 13 21 10 10 0 24 21 9 3 4 25 18 25 14 16 0 5 14 23 9 21 19 20 9 23 20 11 2 0 5 19 24 6 13 20 20 18 3 3 22 9 18 10 12 9 15 5 12 16 21 16 4 5 1 5 15 10 8 14 2 13 23 11 13 11 17 10 2 24 6 18 23 18 1 25 15 12 10 1 0 6 7 12 19 1 14
23 6 2 7 13 16 10 5 14 4 20 10 5 17 23 14 15 19 13 14 12 21 4 13 9 8 6 24 20 8 24 4 4 17 7 25 17 20 4 1 7 17 15 12 2 9 21 18 13 4 1 6 22 22 0 12 22 2 18 0 6 11 5 11 15 2 25 7 14 18 13 2 24 5 0 10 10 18 9 13 12 2 25 4 22 5 15 17 17 5 14 15 22 23 24 13 2 11 10 7
11 20 9 1 21 7 5 12 21 16 21 15 20 8 18 13 13 18 18 12 4 4 11 21 10 14 14 8 17 4 18 2 24 5 9 7 5 14 15 12 20 6 12 13 23 6 24 8 24 23 7 15 1 23 18 19 16 1 8 25 18 14 22 8 16 18 3 6 15 14 23 3 1 15 14 1 21 7 14 4 6 2 13 8 2 17 7 20 3 17 12 12 21 2 8 0 22 9 23 5
2 9 17 8 6 4 0 3 4 18 18 7 18 25 10 14 19 5 0 24 18 16 23 21 15 22 7 20 14 22 8 8 1 2 5 24 1 25 25 24 2 4 7 17 5 3 22 0 16 9 6 10 8 10 24 16 18 6 6 14 19 3 19 7 7 14 13 24 15 24 2 22 25 19 19 6 0 20 0 14 7 21 4 3 23 25 1 8 5 23 6 13 4 21 11 8 6 14 3 14
7 8 24 18 7 11 22 15 7 5 3 7 18 8 9 19 24 18 8 17 1 1 15 18 4 3 10 20 21 12 2 15 25 6 13 5 4 23 15 25 21 20 25 1 0 10 23 9 0 7 9 24 20 6 10 0 12 24 0 14 3 9 14 10 19 21 6 19 9 1 8 15 4 20 2 1 16 0 22 18 10 13 7 23 20 25 12 16 8 2 6 7 18 9 10 22 23 15 17 8
19 10 25 20 9 8 12 7 5 10 7 16 13 1 0 3 8 12 14 5 21 23 7 23 22 13 14 6 3 17 3 21 18 7 22 14 17 16 2 7 9 22 12 7 13 1 20 14 8 16 6 7 20 15 4 0 16 25 12 13 9 15 0 7 7 1 10 17 9 19 3 11 8 12 6 1 25 25 16 1 14 14 9 10 21 1 24 1 13 6 20 6 14 4 21 25 10 9 8 2
20 20 24 20 23 20 24 11 8 12 6 14 14 25 9 7 13 11 18 6 14 17 7 10 6 18 20 3 22 19 12 20 23 19 8 12 1 22 24 21 23 3 17 10 16 8 4 20 8 21 24 1 17 12 14 4 0 11 20 5 21 22 0 22 13 19 9 19 16 22 7 17 12 4 11 23 13 22 16 24 0 18 22 22 2 21 8 25 2 21 11 2 15 15 14 17 23 10 23 6
3 21 10 21 8 6 6 25 10 15 16 23 6 16 22 25 5 16 2 2 24 19 12 3 18 12 24 11 1 21 21 16 15 3 13 13 15 8 23 8 11 17 18 1 9 2 25 17 22 20 16 13 7 10 6 15 10 25 21 21 20 12 2 6 25 14 16 9 5 15 1 8 22 4 13 6 24 24 14 3 12 22 8 21 8 6 4 22 13 10 8 20 17 7 16 12 5 12 4 6
21 4 16 5 18 15 9 12 9 18 19 2 10 2 20 12 9 20 13 12 22 2 21 13 7 0 10 19 5 14 14 4 25 4 9 10 17 8 17 24 19 22 21 14 10 3 9 12 0 2 12 20 22 23 25 9 11 1 11 2 19 8 4 6 7 20 9 21 20 1 19 5 13 18 11 20 20 24 0 16 13 4 21 8 17 24 19 12 24 24 13 2 18 0 22 25 1 4 12 23
14 4 14 9 17 1 24 11 25 15 16 5 8 6 19 22 19 9 13 8 13 14 9 16 19 5 15 19 25 0 8 10 17 2 12 19 1 14 14 1 13 24 15 21 13 12 10 25 17 15 2 17 3 7 14 24 24 22 18 22 1 0 4 10 25 5 0 25 1 24 10 0 0 0 14 7 6 18 18 19 22 15 13 9 8 22 7 25 15 18 5 23 8 9 22 8 17 18 14 25
17 3 7 24 6 25 21 15 8 17 12 5 10 7 10 14 25 4 17 2 20 0 0 17 2 16 24 0 6 18 18 24 9 6 3 17 2 10 12 23 21 0 7 6 19 5 24 18 24 12 5 4 1 10 14 0 13 5 15 3 20 8 10 11 8 4 9 13 10 24 1 15 25 22 19 10 2 6 10 11 18 6 10 18 4 11 5 7 20 20 6 13 14 17 3 17 9 25 4 18
20 12 12 12 20 11 11 13 11 18 16 13 20 19 16 21 19 8 17 20 11 21 20 18 14 22 3 7 8 9 9 8 2 21 1 2 17 12 14 25 22 20 4 17 3 22 11 6 23 12 25 6 13 7 24 11 17 9 25 19 3 10 13 8 13 17 10 16 20 25 17 4 6 14 9 19 6 0 7 16 15 2 22 20 6 18 6 16 2 7 17 10 0 3 7 15 8 22 17 24
22 24 17 16 18 19 6 10 6 16 16 2 8 16 16 24 24 8 20 18 16 17 15 7 10 22 12 5 3 20 24 22 17 16 7 2 24 21 20 6 4 6 21 21 14 20 13 3 22 17 4 0 23 19 2 4 7 7 25 25 11 18 16 18 15 22 1 18 0 24 14 6 8 4 5 23 6 14 1 21 6 4 24 19 24 5 19 16 7 4 9 3 24 1 0 15 13 24 0 21
23 24 8 5 2 17 22 0 11 6 18 23 8 5 1 15 24 13 16 1 9 17 11 7 15 20 21 4 0 3 23 13 20 11 22 24 18 23 2 2 4 7 17 11 9 2 15 12 10 7 22 10 17 16 2 6 3 15 16 24 17 13 24 21 11 10 14 21 8 16 13 9 12 1 9 9 18 25 0 21 10 11 7 18 15 12 19 0 4 11 21 17 1 1 2 11 10 14 8 0
